Correlation,,,,,,,,,,,
1.0025906735751358,-0.9986206713675565,-0.85482075915618083,0.89298378300583403,0.32808332412018665,-0.36767600100531067,-0.26499334328722396,0.34739249323304233,0.056825422102568954,-0.055671999590753758,-0.040775810824229285,-0.019348355693593635
-0.9986206713675565,1.0025906735751402,0.86725775941828054,-0.8983146404272554,-0.32513208750223249,0.35094261318671888,0.26739507463400353,-0.35630533656917635,-0.057397627228012636,0.058097759389789262,0.027490810890876304,0.015050417283316552
-0.85482075915618083,0.86725775941828054,1.00259067357512,-0.97422154950308615,-0.24660305432747073,0.3324532826674379,0.23362908370737523,-0.43012804205841282,0.019274588512418728,-0.048980795065167788,-0.0029746167472426443,-0.0093041755957176311
0.89298378300583403,-0.8983146404272554,-0.97422154950308615,1.0025906735751289,0.29672149014183224,-0.41903273824103104,-0.2427820372368529,0.39839106285287212,-0.021723628659927285,0.049412262178378873,-0.017902590117042171,-0.03934889379899871
0.32808332412018665,-0.32513208750223249,-0.24660305432747073,0.29672149014183224,1.0025906735751293,-0.71698973949827394,0.056835107607684517,-0.061642014586404989,0.1696243538004594,-0.13236692048357501,-0.02348110791948679,0.084963592834713872
-0.36767600100531067,0.35094261318671888,0.3324532826674379,-0.41903273824103104,-0.71698973949827394,1.0025906735751307,0.19288169703024219,-0.18417724784186876,-0.0087653330761561475,0.08763775511116495,-0.062689320100572085,0.05022864544765826
-0.26499334328722396,0.26739507463400353,0.23362908370737523,-0.2427820372368529,0.056835107607684517,0.19288169703024219,1.002590673575136,-0.91768945384706369,0.057436032869497208,-0.083422752816473031,-0.0073128609955057794,0.02619042908023439
0.34739249323304233,-0.35630533656917635,-0.43012804205841282,0.39839106285287212,-0.061642014586404989,-0.18417724784186876,-0.91768945384706369,1.0025906735751282,-0.077300407363362036,0.1060563992501757,0.025630267185687103,0.0065180229908477902
0.056825422102568954,-0.057397627228012636,0.019274588512418728,-0.021723628659927285,0.1696243538004594,-0.0087653330761561475,0.057436032869497208,-0.077300407363362036,1.0025906735751329,-0.48853987108149782,-0.35913741679355615,0.1990745954907461
-0.055671999590753758,0.058097759389789262,-0.048980795065167788,0.049412262178378873,-0.13236692048357501,0.08763775511116495,-0.083422752816473031,0.1060563992501757,-0.48853987108149782,1.0025906735751269,-0.24977369418546874,0.09588663585283444
-0.040775810824229285,0.027490810890876304,-0.0029746167472426443,-0.017902590117042171,-0.02348110791948679,-0.062689320100572085,-0.0073128609955057794,0.025630267185687103,-0.35913741679355615,-0.24977369418546874,1.0025906735751322,0.11183103800781477
-0.019348355693593635,0.015050417283316552,-0.0093041755957176311,-0.03934889379899871,0.084963592834713872,0.05022864544765826,0.02619042908023439,0.0065180229908477902,0.1990745954907461,0.09588663585283444,0.11183103800781477,1.0025906735751331
Eigenvectors,,,,,,,,,,,
Tmax 10—15,-0.44223228246718532,0.071503683742544996,-0.062773776438711348,-0.15843108475275233,,,,,,,
Tmax 15—20,0.44350514335311414,-0.066307429372207516,0.06148733253860348,0.1587676198836922,,,,,,,
V0350—0500,0.43433165462197099,0.01079762499454104,0.12239232813021761,0.16571908528467519,,,,,,,
V0500—01000,-0.44723023266844109,0.01804190613150973,-0.13980872614570916,-0.14422484290272786,,,,,,,
T 0 - 15,-0.1996281918879132,0.43627340695273059,-0.063354160668075837,0.32149495283159579,,,,,,,
T 15 — 30,0.25651922158529084,-0.24038911393510054,0.055879046836087999,-0.45702519415743847,,,,,,,
"S00,80—01,0",0.21041687764402778,0.46138789098113414,-0.431280660897087,-0.24822089200965708,,,,,,,
"S01,00—01,5",-0.26248184484938158,-0.46518041128010307,0.37227718234770008,0.18529555505105552,,,,,,,
"H300,20—01",-0.01134316213782754,0.4005230665907113,0.62785128633970677,-0.22362083329904001,,,,,,,
"H3010—01,5",0.0044461092389345893,-0.37819462022279038,-0.38456231448559547,-0.26136936994248094,,,,,,,
"H301,50—02,0",0.0061418522318249938,-0.061779749660826541,-0.25151684309906169,0.61183311076510105,,,,,,,
Iznos,0.007953871272890399,0.073408454136305895,0.14379408431500743,0.024284705517211756,,,,,,,
New scores,,,,,,,,,,,
-1.3592523839785384,1.2930646243369921,0.48036353707099938,-0.1390147468895373,,,,,,,,
-1.4328900857881832,0.2086308446617495,0.53141100448163603,-0.11086334772515598,,,,,,,,
-1.4295298366934091,0.089981630660008277,0.34541906581930482,-0.044618883127418837,,,,,,,,
-1.4362503348829572,0.32728005866349075,0.71740294314396724,-0.17710781232289316,,,,,,,,
-1.4396105839777311,0.44592927266523202,0.90339488180629857,-0.24335227692063036,,,,,,,,
-1.4295298366934091,0.089981630660008277,0.34541906581930482,-0.044618883127418837,,,,,,,,
-1.3592523839785384,1.2930646243369921,0.48036353707099938,-0.1390147468895373,,,,,,,,
-1.3659728821680865,1.5303630523404745,0.85234741439566164,-0.27150367608501164,,,,,,,,
-1.4362503348829572,0.32728005866349075,0.71740294314396724,-0.17710781232289316,,,,,,,,
-1.4345702103355702,0.26795545166262008,0.62440697381280164,-0.14398558002402456,,,,,,,,
-1.4396105839777311,0.44592927266523202,0.90339488180629857,-0.24335227692063036,,,,,,,,
-1.4429708330725051,0.5645784866669733,1.0893868204686297,-0.30959674151836752,,,,,,,,
-1.431209961240796,0.14930623766087889,0.43841503515047042,-0.077741115426287408,,,,,,,,
-1.3659728821680865,1.5303630523404745,0.85234741439566164,-0.27150367608501164,,,,,,,,
-1.3726933803576344,1.7676614803439572,1.2243312917203246,-0.40399260528048614,,,,,,,,
-1.4429708330725051,0.5645784866669733,1.0893868204686297,-0.30959674151836752,,,,,,,,
-1.4412907085251181,0.50525387966610269,0.99639085113746428,-0.27647450921949895,,,,,,,,
-1.4463310821672792,0.68322770066871441,1.2753787591309611,-0.37584120611610466,,,,,,,,
-1.4496913312620532,0.80187691467045574,1.4613706977932925,-0.44208567071384192,,,,,,,,
-1.4328900857881832,0.2086308446617495,0.53141100448163603,-0.11086334772515598,,,,,,,,
-1.3318515139317308,-0.20180593900668262,-1.366401376128614,-0.43090288911277397,,,,,,,,
-1.3266888936685561,0.54126906415627418,-1.095080598342822,1.7623956768073701,,,,,,,,
-1.4496913312620532,0.80187691467045574,1.4613706977932925,-0.44208567071384192,,,,,,,,
-1.4463310821672792,0.68322770066871441,1.2753787591309611,-0.37584120611610466,,,,,,,,
-1.4547317049042141,0.97985073567306757,1.740358605786789,-0.54145236761044757,,,,,,,,
-1.4113264118831785,-1.1240766651230234,-1.0197704663839782,-0.58716629124486053,,,,,,,,
-1.4362503348829572,0.32728005866349075,0.71740294314396724,-0.17710781232289316,,,,,,,,
-1.0407343754051046,-0.091937952883807017,-1.0476956305835015,1.4082463916591823,,,,,,,,
-1.4059962773453412,-0.31643625352695326,-0.71508154974766724,1.7627373534901583,,,,,,,,
-1.4400864994659808,-0.30677244284984628,-0.3389100148503662,0.035119536065638828,,,,,,,,
-1.4059962773453412,-0.31643625352695326,-0.71508154974766724,1.7627373534901583,,,,,,,,
-1.1388990567756128,-0.90015848886627858,-0.63031536484191875,1.3325856423694684,,,,,,,,
-1.4463310821672792,0.68322770066871441,1.2753787591309611,-0.37584120611610466,,,,,,,,
-1.4130930159786683,-0.97380591623386203,-0.86696959640265192,-0.48331454704287352,,,,,,,,
-1.4049454610229337,-0.32700621953842063,-0.75811384588781139,1.8674165602040396,,,,,,,,
-1.3558921348837645,1.1744154103352509,0.29437159840866806,-0.072770282291800145,,,,,,,,
-1.3558921348837645,1.1744154103352509,0.29437159840866806,-0.072770282291800145,,,,,,,,
-1.4362503348829572,0.32728005866349075,0.71740294314396724,-0.17710781232289316,,,,,,,,
-1.4295298366934091,0.089981630660008277,0.34541906581930482,-0.044618883127418837,,,,,,,,
-1.4396105839777311,0.44592927266523202,0.90339488180629857,-0.24335227692063036,,,,,,,,
-1.4328900857881832,0.2086308446617495,0.53141100448163603,-0.11086334772515598,,,,,,,,
-1.4328900857881832,0.2086308446617495,0.53141100448163603,-0.11086334772515598,,,,,,,,
-1.3626126330733124,1.4117138383387333,0.66635547573333043,-0.20525921148727444,,,,,,,,
-1.3626126330733124,1.4117138383387333,0.66635547573333043,-0.20525921148727444,,,,,,,,
-1.4429708330725051,0.5645784866669733,1.0893868204686297,-0.30959674151836752,,,,,,,,
-1.4362503348829572,0.32728005866349075,0.71740294314396724,-0.17710781232289316,,,,,,,,
-1.4463310821672792,0.68322770066871441,1.2753787591309611,-0.37584120611610466,,,,,,,,
-1.4362503348829572,0.32728005866349075,0.71740294314396724,-0.17710781232289316,,,,,,,,
-1.4345702103355702,0.26795545166262008,0.62440697381280164,-0.14398558002402456,,,,,,,,
-1.4453093248116438,1.661296710356946,1.0275547206881266,-0.36496684731394541,,,,,,,,
-1.4453093248116438,1.661296710356946,1.0275547206881266,-0.36496684731394541,,,,,,,,
-1.5256675248108367,0.81416135868518624,1.4505860654234259,-0.46930437734503855,,,,,,,,
-1.5189470266212886,0.57686293068170358,1.0786021880987631,-0.3368154481495641,,,,,,,,
-1.4899525115751966,-0.88638609777455091,-0.80135379378185545,-0.45860738157307651,,,,,,,,
-1.5155867775265146,0.45821371667996241,0.89261024943643197,-0.27057098355182696,,,,,,,,
-1.5155867775265146,0.45821371667996241,0.89261024943643197,-0.27057098355182696,,,,,,,,
-1.3466720861589951,0.35807327439020215,-0.74447059698694917,-0.031145544241361241,,,,,,,,
-1.230929957245446,0.10512697240982782,-0.70773858352779151,-0.21754461906032682,,,,,,,,
-1.4830232872165323,-0.29358184350075545,-0.68283388597738948,1.6308394401450803,,,,,,,,
-1.5223072757160627,0.6955121446834448,1.2645941267610945,-0.4030599127473013,,,,,,,,
-1.4819724708941246,-0.30415180951222287,-0.72586618211753384,1.7355186468589616,,,,,,,,
-1.5223072757160627,0.6955121446834448,1.2645941267610945,-0.4030599127473013,,,,,,,,
-1.5223072757160627,0.6955121446834448,1.2645941267610945,-0.4030599127473013,,,,,,,,
-1.4496913312620532,0.80187691467045574,1.4613706977932925,-0.44208567071384192,,,,,,,,
-1.4059962773453412,-0.31643625352695326,-0.71508154974766724,1.7627373534901583,,,,,,,,
-1.4122097139309235,-1.0489412906784426,-0.94337003139331499,-0.535240419143867,,,,,,,,
-1.4049454610229337,-0.32700621953842063,-0.75811384588781139,1.8674165602040396,,,,,,,,
-1.4049454610229337,-0.32700621953842063,-0.75811384588781139,1.8674165602040396,,,,,,,,
-1.3626126330733124,1.4117138383387333,0.66635547573333043,-0.20525921148727444,,,,,,,,
-1.3336181180272204,-0.051535190117521258,-1.2136005061472879,-0.32705114491078685,,,,,,,,
-1.1371472823253475,0.053927712705809039,-0.69130287216420838,-0.2190026931705096,,,,,,,,
-1.3693331312628605,1.649012266342216,1.0383393530579932,-0.33774814068274889,,,,,,,,
-1.2439861705532389,0.28741660684153925,-0.72520934612650778,-0.046942008722233704,,,,,,,,
-1.4897764641324638,0.53777091548718836,0.72916013743522656,-0.42267286108470853,,,,,,,,
-1.4572129738224815,-0.21402464469352941,-0.84628399797859477,1.4787375626121988,,,,,,,,
-1.4641421981811458,-0.8068288989673249,-0.96480390578306074,-0.61070925910595797,,,,,,,,
-1.4614922920379112,-1.032235022301067,-1.1940052107550498,-0.76648687540893867,,,,,,,,
-1.4561621575000738,-0.22459461070499684,-0.88931629411873914,1.5834167693260801,,,,,,,,
-1.4328900857881832,0.2086308446617495,0.53141100448163603,-0.11086334772515598,,,,,,,,
-1.4345702103355702,0.26795545166262008,0.62440697381280164,-0.14398558002402456,,,,,,,,
-1.4463310821672792,0.68322770066871441,1.2753787591309611,-0.37584120611610466,,,,,,,,
-1.4139763180264131,-0.89867054178928119,-0.79056916141198874,-0.43138867494187988,,,,,,,,
-1.4122097139309235,-1.0489412906784426,-0.94337003139331499,-0.535240419143867,,,,,,,,
-1.1289449997675476,-0.93018586272239012,-0.67052212148520463,1.42292645871266,,,,,,,,
-1.4463310821672792,0.68322770066871441,1.2753787591309611,-0.37584120611610466,,,,,,,,
-1.4070470936677488,-0.30586628751548584,-0.67204925360752288,1.6580581467762769,,,,,,,,
-1.4295298366934091,0.089981630660008277,0.34541906581930482,-0.044618883127418837,,,,,,,,
-1.4496913312620532,0.80187691467045574,1.4613706977932925,-0.44208567071384192,,,,,,,,
-1.4139763180264131,-0.89867054178928119,-0.79056916141198874,-0.43138867494187988,,,,,,,,
-1.4130930159786683,-0.97380591623386203,-0.86696959640265192,-0.48331454704287352,,,,,,,,
-1.4113264118831785,-1.1240766651230234,-1.0197704663839782,-0.58716629124486053,,,,,,,,
-1.409559807787689,-1.2743474140121847,-1.1725713363653043,-0.69101803544684759,,,,,,,,
-1.4295298366934091,0.089981630660008277,0.34541906581930482,-0.044618883127418837,,,,,,,,
-1.4496913312620532,0.80187691467045574,1.4613706977932925,-0.44208567071384192,,,,,,,,
-1.4049454610229337,-0.32700621953842063,-0.75811384588781139,1.8674165602040396,,,,,,,,
-1.4568877449398507,0.28647362715886004,0.5910496784612902,-0.29610278692304709,,,,,,,,
-1.4602479940346247,0.40512284116060132,0.7770416171236213,-0.36234725152078423,,,,,,,,
-1.4669684922241728,0.64242126916408382,1.1490254944482841,-0.49483618071625862,,,,,,,,
-1.4294868748930432,-1.2083969361848146,-1.2557152347383234,-0.58799092914628381,,,,,,,,
-1.4232734383074608,-0.47589189903332524,-1.0274267530926755,1.7099868434877414,,,,,,,,
-1.4568877449398507,0.28647362715886004,0.5910496784612902,-0.29610278692304709,,,,,,,,
-1.4703287413189468,0.76107048316582526,1.3350174331106153,-0.56108064531399593,,,,,,,,
-1.4294868748930432,-1.2083969361848146,-1.2557152347383234,-0.58799092914628381,,,,,,,,
-1.4222226219850533,-0.48646186504479261,-1.0704590492328196,1.8146660502016227,,,,,,,,
-1.4066685072002889,1.5685160989964049,0.69558699272147173,-0.47361619333296284,,,,,,,,
-1.4167492544846108,1.9244637410016285,1.2535628087084656,-0.67234958712617432,,,,,,,,
-1.3716638369161882,-0.23878826679533313,-1.5995622327934673,-0.68494127846171871,,,,,,,,
-1.1600364259862348,0.053165943672451033,-0.84241221484468176,-0.4497919911598402,,,,,,,,
-1.4897764641324638,0.53777091548718836,0.72916013743522656,-0.42267286108470853,,,,,,,,
-1.4572129738224815,-0.21402464469352941,-0.84628399797859477,1.4787375626121988,,,,,,,,
-1.5065777096063337,1.1310169854958947,1.6591198307468829,-0.75389518407339429,,,,,,,,
-1.4614922920379112,-1.032235022301067,-1.1940052107550498,-0.76648687540893867,,,,,,,,
-1.4561621575000738,-0.22459461070499684,-0.88931629411873914,1.5834167693260801,,,,,,,,
-1.4931367132272377,0.65642012948892958,0.91515207609755778,-0.48891732568244567,,,,,,,,
-1.4998572114167859,0.89371855749241214,1.2871359534222206,-0.62140625487792001,,,,,,,,
-1.4623755940856562,-0.95709964785648627,-1.1176047757643868,-0.71456100330794503,,,,,,,,
-1.4561621575000738,-0.22459461070499684,-0.88931629411873914,1.5834167693260801,,,,,,,,
-1.4295298366934091,0.089981630660008277,0.34541906581930482,-0.044618883127418837,,,,,,,,
-1.4897764641324638,0.53777091548718836,0.72916013743522656,-0.42267286108470853,,,,,,,,
-1.4998572114167859,0.89371855749241214,1.2871359534222206,-0.62140625487792001,,,,,,,,
-1.4997551609237763,-0.72899926758874822,-0.9761060637704938,-0.55335569762319947,,,,,,,,
-1.4614922920379112,-1.032235022301067,-1.1940052107550498,-0.76648687540893867,,,,,,,,
-1.4561621575000738,-0.22459461070499684,-0.88931629411873914,1.5834167693260801,,,,,,,,
-1.5070536250945834,0.37831526998081638,0.41681493409021819,-0.47542337108712523,,,,,,,,
-1.5171343723789055,0.73426291198604021,0.97479075007721216,-0.67415676488033682,,,,,,,,
-1.5204946214736794,0.85291212598778143,1.1607826887395434,-0.74040122947807407,,,,,,,,
-1.4805360570955206,-1.0414199189182778,-1.3535495441187322,-0.71538564120936843,,,,,,,,
-1.4787694530000308,-1.191690667807439,-1.5063504141000583,-0.81923738541135549,,,,,,,,
-1.4734393184621934,-0.38405025621136885,-1.2016614974637476,1.5306662593236633,,,,,,,,
-1.4931367132272377,0.65642012948892958,0.91515207609755778,-0.48891732568244567,,,,,,,,
-1.4998572114167859,0.89371855749241214,1.2871359534222206,-0.62140625487792001,,,,,,,,
-1.4623755940856562,-0.95709964785648627,-1.1176047757643868,-0.71456100330794503,,,,,,,,
-1.4572129738224815,-0.21402464469352941,-0.84628399797859477,1.4787375626121988,,,,,,,,
-1.5758334049655689,0.90600300150714252,1.276351321052354,-0.64862496150911664,,,,,,,,
-1.539235089682184,-0.86967982939717536,-1.0519889731435903,-0.68985383783814824,,,,,,,,
-1.5321383510488569,-0.21231016669026645,-0.90010092648860573,1.5561980626948835,,,,,,,,
-1.4931367132272377,0.65642012948892958,0.91515207609755778,-0.48891732568244567,,,,,,,,
-1.4641421981811458,-0.8068288989673249,-0.96480390578306074,-0.61070925910595797,,,,,,,,
-1.2498648811079576,-0.74028081183328287,-0.4368551928062645,-0.53133758810706022,,,,,,,,
-1.5791936540603428,1.024652215508884,1.4623432597146853,-0.71486942610685389,,,,,,,,
-1.5383517876344392,-0.94481520384175577,-1.1283894081342534,-0.74177970993914166,,,,,,,,
-1.2368086678001644,-0.92257044626499418,-0.41938443020754823,-0.70194019844515332,,,,,,,,
-1.4964969623220119,0.77506934349067069,1.101144014759889,-0.55516179028018275,,,,,,,,
-1.5032174605115598,1.0123677714941535,1.4731278920845519,-0.68765071947565726,,,,,,,,
-1.4623755940856562,-0.95709964785648627,-1.1176047757643868,-0.71456100330794503,,,,,,,,
-1.4964969623220119,0.77506934349067069,1.101144014759889,-0.55516179028018275,,,,,,,,
-1.4641421981811458,-0.8068288989673249,-0.96480390578306074,-0.61070925910595797,,,,,,,,
-1.4572129738224815,-0.21402464469352941,-0.84628399797859477,1.4787375626121988,,,,,,,,
-1.5104138741893574,0.4969644839825576,0.60280687275254941,-0.54166783568486243,,,,,,,,
-1.5171343723789055,0.73426291198604021,0.97479075007721216,-0.67415676488033682,,,,,,,,
-1.4814193591432654,-0.96628454447369694,-1.2771491091280691,-0.66345976910837479,,,,,,,,
-1.4796527550477758,-1.1165552933628582,-1.4299499791093953,-0.76731151331036185,,,,,,,,
-1.4734393184621934,-0.38405025621136885,-1.2016614974637476,1.5306662593236633,,,,,,,,
-1.5758334049655689,0.90600300150714252,1.276351321052354,-0.64862496150911664,,,,,,,,
-1.5383517876344392,-0.94481520384175577,-1.1283894081342534,-0.74177970993914166,,,,,,,,
-1.4237767221989746,-0.51396488152746644,-0.47872075964157224,-0.4008340006606706,,,,,,,,
-1.5401183917299288,-0.79454445495259451,-0.97558853815292712,-0.6379279657371546,,,,,,,,
-1.4148734815133168,-0.53342228937211056,-0.47589522014471397,-0.41517239103136011,,,,,,,,
-1.539235089682184,-0.86967982939717536,-1.0519889731435903,-0.68985383783814824,,,,,,,,
-1.4682929256272625,-0.41667784230424559,-0.49284845712586356,-0.32914204880722225,,,,,,,,
-1.5489514122073769,-0.043190710506787557,-0.21158418824629627,-0.11866924472721917,,,,,,,,
-1.2813248712284526,-0.82528340704177339,-0.43351212769183967,-0.63024824659170509,,,,,,,,
-1.5791936540603428,1.024652215508884,1.4623432597146853,-0.71486942610685389,,,,,,,,
-1.5383517876344392,-0.94481520384175577,-1.1283894081342534,-0.74177970993914166,,,,,,,,
-1.2190021864288492,-0.96148526195428285,-0.4137333512138317,-0.73061697918653279,,,,,,,,
-1.5401183917299288,-0.79454445495259451,-0.97558853815292712,-0.6379279657371546,,,,,,,,
-1.503905888369893,-0.3388482109256688,-0.50415061511329673,-0.27178848732446353,,,,,,,,
-1.5758334049655689,0.90600300150714252,1.276351321052354,-0.64862496150911664,,,,,,,,
-1.539235089682184,-0.86967982939717536,-1.0519889731435903,-0.68985383783814824,,,,,,,,
-1.2991313525997679,-0.78636859135248494,-0.43916320668555631,-0.60157146585032573,,,,,,,,
-1.539235089682184,-0.86967982939717536,-1.0519889731435903,-0.68985383783814824,,,,,,,,
-1.2368086678001644,-0.92257044626499418,-0.41938443020754823,-0.70194019844515332,,,,,,,,
-1.4950026476842355,-0.35830561877031292,-0.50132507561643846,-0.28612687769515316,,,,,,,,
-1.5931105659276885,0.74654735600077049,0.96400611770734557,-0.70137547151153345,,,,,,,,
-1.5565122506443037,-1.0291354749035473,-1.3643341764885988,-0.74260434784056506,,,,,,,,
-1.459389684941605,-0.43613525014888971,-0.49002291762900529,-0.34348043917791188,,,,,,,,
-1.5573955526920484,-0.95400010045896644,-1.2879337414979355,-0.69067847573957142,,,,,,,,
-1.3525507967137136,-0.66962414428462003,-0.4561164436667059,-0.51554112362618787,,,,,,,,
-1.5863900677381404,0.50924892799728805,0.59202224038268281,-0.56888654231605906,,,,,,,,
-1.5964708150224625,0.86519657000251193,1.1499980563696768,-0.76761993610927071,,,,,,,,
-1.5556289485965589,-1.1042708493481277,-1.4407346114792619,-0.79453021994155848,,,,,,,,
-1.2546151491714796,-0.88365563057570595,-0.42503550920126487,-0.67326341770377407,,,,,,,,
4.3918186188096522,4.8035563669787811,-1.3435448962635768,-0.94455668335048182,,,,,,,,
4.3884583697148782,4.9222055809805223,-1.1575529576012453,-1.0108011479482191,,,,,,,,
4.6214309108027676,3.2872076000553117,-3.4176285182303676,0.85448093635515421,,,,,,,,
2.7048205516395596,0.80445926120556988,2.146401924598544,0.45247860501824338,,,,,,,,
2.6566300112088874,-0.97043407969862805,-0.47258613821897749,0.56895222489285235,,,,,,,,
2.7518758546510456,-0.43250312099358046,-0.21604226160474688,2.7235460938199809,,,,,,,,
2.7149012989238814,0.44851161920034599,1.5884261086115501,0.65121199881145508,,,,,,,,
2.7048205516395596,0.80445926120556988,2.146401924598544,0.45247860501824338,,,,,,,,
2.9676552637516433,-0.92062084128797572,-0.23429390596043681,2.5887831383511917,,,,,,,,
2.7115410498291075,0.56716083320208721,1.7744180472738813,0.58496753421371794,,,,,,,,
2.746545720113208,-1.2401435325896506,-0.52073117824105786,0.37364244908496197,,,,,,,,
3.1090562983997576,-1.2213694007908151,-0.14605297787055976,2.2546896857062757,,,,,,,,
2.7149012989238814,0.44851161920034599,1.5884261086115501,0.65121199881145508,,,,,,,,
2.929940668364198,-0.82165127788646397,-0.15953147166758125,2.4367782864061875,,,,,,,,
2.8691407241865856,-0.75361524367542465,0.20816344473914483,0.75217564009373705,,,,,,,,
2.6909036397722139,0.52635440169745662,1.6480647825912043,0.46597255961356393,,,,,,,,
2.7345986936889259,-0.59195876649995238,-0.5283874649497553,2.6707955838175645,,,,,,,,
4.3918186188096522,4.8035563669787811,-1.3435448962635768,-0.94455668335048182,,,,,,,,
4.5705850236332211,3.3252162604102402,-3.0901403584669276,-0.7397808936141046,,,,,,,,
4.1514311202968965,5.3289063787841737,-1.4198344626787502,-0.55742014334186096,,,,,,,,
4.2945845623778345,3.9283959035942089,-3.1777320828695337,-0.29529079212272519,,,,,,,,
2.7081808007343335,0.68581004720382854,1.9604099859362127,0.51872306961598069,,,,,,,,
2.7447791160177184,-1.0898727837004891,-0.36793030825973155,0.47749419328694903,,,,,,,,
2.5471013188809204,0.015017259433235668,-0.28102967003248741,3.0533290723458428,,,,,,,,
2.5479224683924966,1.0360433884074238,1.9095502749927635,0.7768140962883946,,,,,,,,
2.5854040857236265,-0.81477481694147458,-0.49519045419384372,0.68365934785836957,,,,,,,,
2.646559707045145,-0.26718004755932012,0.13752495731768777,1.110635399360979,,,,,,,,
2.5271122774471664,-0.65605311536292099,-0.35022621041263474,0.76727598934339192,,,,,,,,
2.5010020960075985,-0.064155016423486033,0.10143293614898774,1.2337842003509107,,,,,,,,
2.7149012989238814,0.44851161920034599,1.5884261086115501,0.65121199881145508,,,,,,,,
2.7456624180654634,-1.1650081581450697,-0.44433074325039462,0.42556832118595561,,,,,,,,
2.929940668364198,-0.82165127788646397,-0.15953147166758125,2.4367782864061875,,,,,,,,
2.5445622192977226,1.1546926024091653,2.095542213655095,0.71056963169065734,,,,,,,,
2.557527300188569,-0.072605969112878282,0.10926956234910501,1.2540193030678755,,,,,,,,
2.4880370151167521,1.1631435550985576,2.0877055874549777,0.69033452897369263,,,,,,,,
2.5010020960075985,-0.064155016423486033,0.10143293614898774,1.2337842003509107,,,,,,,,
2.7115410498291075,0.56716083320208721,1.7744180472738813,0.58496753421371794,,,,,,,,
2.746545720113208,-1.2401435325896506,-0.52073117824105786,0.37364244908496197,,,,,,,,
2.7801083173300092,-0.55904116522898284,0.17990804977056207,0.89555954380063374,,,,,,,,
2.5445622192977226,1.1546926024091653,2.095542213655095,0.71056963169065734,,,,,,,,
2.5916175223092086,-0.082269779789985203,-0.26690197254819598,2.9816371204923948,,,,,,,,
2.5271122774471664,-0.65605311536292099,-0.35022621041263474,0.76727598934339192,,,,,,,,
2.8571317234339033,-0.84245133020925334,0.214454516023319,0.66024858552332422,,,,,,,,
2.7081808007343335,0.68581004720382854,1.9604099859362127,0.51872306961598069,,,,,,,,
2.746545720113208,-1.2401435325896506,-0.52073117824105786,0.37364244908496197,,,,,,,,
2.8602374835009279,-0.73415783583078031,0.20533790524228657,0.76651403046442679,,,,,,,,
2.5479224683924966,1.0360433884074238,1.9095502749927635,0.7768140962883946,,,,,,,,
2.557527300188569,-0.072605969112878282,0.10926956234910501,1.2540193030678755,,,,,,,,
2.6976241379617618,0.28905597369397401,1.2760809052665416,0.59846148880903827,,,,,,,,
2.7275019550555988,-1.2493284292068612,-0.68027551160473998,0.42474368328453233,,,,,,,,
2.530874974241208,-0.15500835208460373,-0.63640716951763998,3.105257769057308,,,,,,,,
2.530645307430377,0.87658774290105179,1.597205071647755,0.72406358628597778,,,,,,,,
2.5681269247615068,-0.97423046244784661,-0.80753565753885215,0.63090883785595275,,,,,,,,
2.8246245207582974,-0.65632820445220363,0.1940357472548534,0.82386759194718551,,,,,,,,
2.4808406014389544,0.64774026758696146,1.2173845681229754,0.83631741276448757,,,,,,,,
2.5098351164850468,-0.81550876086929303,-0.66257141375764317,0.7145254793409751,,,,,,,,
2.6790669097207509,-0.45330317331636966,0.15794372608615337,0.94701639293711748,,,,,,,,
4.401899366093974,4.4476087249735574,-1.9015207122505704,-0.74582328955727029,,,,,,,,
4.3918186188096522,4.8035563669787811,-1.3435448962635768,-0.94455668335048182,,,,,,,,
2.7182615480186554,0.32986240519860477,1.4024341699492189,0.71745646340919222,,,,,,,,
2.7447791160177184,-1.0898727837004891,-0.36793030825973155,0.47749419328694903,,,,,,,,
2.7182615480186554,0.32986240519860477,1.4024341699492189,0.71745646340919222,,,,,,,,
2.7081808007343335,0.68581004720382854,1.9604099859362127,0.51872306961598069,,,,,,,,
2.7216217971134298,0.21121319119686355,1.2164422312868877,0.78370092800692948,,,,,,,,
2.7149012989238814,0.44851161920034599,1.5884261086115501,0.65121199881145508,,,,,,,,
2.7149012989238814,0.44851161920034599,1.5884261086115501,0.65121199881145508,,,,,,,,
2.7438958139699738,-1.0147374092559085,-0.29152987326906837,0.52942006538794273,,,,,,,,
2.7009843870565358,0.17040675969223279,1.0900889666042104,0.66470595340677541,,,,,,,,
2.4082776188673622,0.56860916514441784,1.6088816515906179,0.3647970460287408,,,,,,,,
2.5357487807639236,3.1348458162775246,-4.3093389262547124,-1.5534043263593456,,,,,,,,
0.68668945689094207,-1.8750800949724211,-0.50806661188803914,-0.11025299870936166,,,,,,,,
0.6849228527954524,-1.7248093460832599,-0.35526574190671284,-0.0064012545073745368,,,,,,,,
0.68668945689094207,-1.8750800949724211,-0.50806661188803914,-0.11025299870936166,,,,,,,,
0.6849228527954524,-1.7248093460832599,-0.35526574190671284,-0.0064012545073745368,,,,,,,,
0.66764569183333289,-1.8842649915896319,-0.66761094525172127,-0.059151764509791267,,,,,,,,
2.5932575084669427,3.483316760076427,-4.064169098688815,0.41692442568320914,,,,,,,,
0.59406640481641182,-2.4209208870690397,-0.54553247539546823,-0.38253655433292721,,,,,,,,
0.66703472796766117,-1.9179474070258111,-0.57126228356226172,-0.15560571533145287,,,,,,,,
0.59406640481641182,-2.4209208870690397,-0.54553247539546823,-0.38253655433292721,,,,,,,,
0.59406640481641182,-2.4209208870690397,-0.54553247539546823,-0.38253655433292721,,,,,,,,
0.57502263975880274,-2.4301057836862503,-0.70507680875915058,-0.33143532013335691,,,,,,,,
0.67236486250549865,-1.1103069954297409,-0.26657336692595074,2.1942979294035658,,,,,,,,
0.66703472796766117,-1.9179474070258111,-0.57126228356226172,-0.15560571533145287,,,,,,,,
0.67236486250549865,-1.1103069954297409,-0.26657336692595074,2.1942979294035658,,,,,,,,
0.67236486250549865,-1.1103069954297409,-0.26657336692595074,2.1942979294035658,,,,,,,,
0.67236486250549865,-1.1103069954297409,-0.26657336692595074,2.1942979294035658,,,,,,,,
0.64975756700554166,-2.0774030525321834,-0.88360748690727009,-0.2083562253338696,,,,,,,,
0.65508770154337914,-1.2697626409361129,-0.57891857027095917,2.1415474194011495,,,,,,,,
3.8884447875130723,5.7133022425163285,-2.2556307338232227,0.3824453873703047,,,,,,,,
2.186120764748372,0.81992573633159216,0.9287162106649004,1.8834038621777027,,,,,,,,
2.186120764748372,0.81992573633159216,0.9287162106649004,1.8834038621777027,,,,,,,,
2.187800889295759,0.76060112933072155,0.83572024133373479,1.9165260944765714,,,,,,,,
2.1760400174640497,1.175873378336816,1.4866920266518944,1.6846704683844915,,,,,,,,
2.1688436037862524,0.66047009082522012,0.61637100731989203,1.8306533521752859,,,,,,,,
2.3468254129042987,3.7812633732492777,-3.7353024803443815,-1.142249889350049,,,,,,,,
0.0031479279953534403,0.053501113441824427,0.92172293403361039,0.8876713785066187,,,,,,,,
-0.013653317478516617,0.64674718345053073,1.8516826273452669,0.55644905551793278,,,,,,,,
-0.013653317478516617,0.64674718345053073,1.8516826273452669,0.55644905551793278,,,,,,,,
-0.0069328192889685928,0.40944875544704817,1.4796987500206042,0.68893798471340717,,,,,,,,
-0.017489482061540114,0.012694681937193725,0.79536966935093334,0.76867640390646474,,,,,,,,
-1.3999480090107408,1.3312176709929224,0.32360311539680942,-0.34112726413748851,,,,,,,,
-1.4133890053898368,1.8058145269998875,1.0675708700461346,-0.60610512252843729,,,,,,,,
-1.3725471389639332,-0.16365289235075228,-1.523161797802804,-0.63301540636072506,,,,,,,,
-1.3716638369161882,-0.23878826679533313,-1.5995622327934673,-0.68494127846171871,,,,,,,,
-1.3652828860559434,0.55828217878926967,-1.3379056122973005,1.7696415729871815,,,,,,,,
-1.2490688328428108,0.24774002211889284,-0.87066760981326463,-0.30640808745294351,,,,,,,,
-1.4897764641324638,0.53777091548718836,0.72916013743522656,-0.42267286108470853,,,,,,,,
-1.4623755940856562,-0.95709964785648627,-1.1176047757643868,-0.71456100330794503,,,,,,,,
-1.4561621575000738,-0.22459461070499684,-0.88931629411873914,1.5834167693260801,,,,,,,,
-1.4864162150376898,0.41912170148544714,0.54316819877289535,-0.35642839648697128,,,,,,,,
-1.4998572114167859,0.89371855749241214,1.2871359534222206,-0.62140625487792001,,,,,,,,
-1.4623755940856562,-0.95709964785648627,-1.1176047757643868,-0.71456100330794503,,,,,,,,
-1.4561621575000738,-0.22459461070499684,-0.88931629411873914,1.5834167693260801,,,,,,,,
-1.4864162150376898,0.41912170148544714,0.54316819877289535,-0.35642839648697128,,,,,,,,
-1.4931367132272377,0.65642012948892958,0.91515207609755778,-0.48891732568244567,,,,,,,,
-1.4998572114167859,0.89371855749241214,1.2871359534222206,-0.62140625487792001,,,,,,,,
-1.4623755940856562,-0.95709964785648627,-1.1176047757643868,-0.71456100330794503,,,,,,,,
-1.4561621575000738,-0.22459461070499684,-0.88931629411873914,1.5834167693260801,,,,,,,,
-1.4998572114167859,0.89371855749241214,1.2871359534222206,-0.62140625487792001,,,,,,,,
-1.4623755940856562,-0.95709964785648627,-1.1176047757643868,-0.71456100330794503,,,,,,,,
-1.383413491392822,-0.4484196941636201,-0.4792382852591387,-0.31626173254671525,,,,,,,,
-1.463258896133401,-0.88196427341190575,-1.0412043407737237,-0.66263513120695161,,,,,,,,
-1.4561621575000738,-0.22459461070499684,-0.88931629411873914,1.5834167693260801,,,,,,,,
-1.4998572114167859,0.89371855749241214,1.2871359534222206,-0.62140625487792001,,,,,,,,
-1.463258896133401,-0.88196427341190575,-1.0412043407737237,-0.66263513120695161,,,,,,,,
-1.4561621575000738,-0.22459461070499684,-0.88931629411873914,1.5834167693260801,,,,,,,,
-1.4897764641324638,0.53777091548718836,0.72916013743522656,-0.42267286108470853,,,,,,,,
-1.4998572114167859,0.89371855749241214,1.2871359534222206,-0.62140625487792001,,,,,,,,
-1.3032843252219033,-0.62353636476541774,-0.4538084297874142,-0.4453072458829222,,,,,,,,
-1.463258896133401,-0.88196427341190575,-1.0412043407737237,-0.66263513120695161,,,,,,,,
-1.4561621575000738,-0.22459461070499684,-0.88931629411873914,1.5834167693260801,,,,,,,,
-1.4998572114167859,0.89371855749241214,1.2871359534222206,-0.62140625487792001,,,,,,,,
-1.463258896133401,-0.88196427341190575,-1.0412043407737237,-0.66263513120695161,,,,,,,,
-1.383413491392822,-0.4484196941636201,-0.4792382852591387,-0.31626173254671525,,,,,,,,
-1.42792969482111,-0.35113265494039919,-0.49336598274343013,-0.24456978069326699,,,,,,,,
-1.5104138741893574,0.4969644839825576,0.60280687275254941,-0.54166783568486243,,,,,,,,
-1.5171343723789055,0.73426291198604021,0.97479075007721216,-0.67415676488033682,,,,,,,,
-1.4796527550477758,-1.1165552933628582,-1.4299499791093953,-0.76731151331036185,,,,,,,,
-1.4734393184621934,-0.38405025621136885,-1.2016614974637476,1.5306662593236633,,,,,,,,
-1.5070536250945834,0.37831526998081638,0.41681493409021819,-0.47542337108712523,,,,,,,,
-1.5171343723789055,0.73426291198604021,0.97479075007721216,-0.67415676488033682,,,,,,,,
-1.4796527550477758,-1.1165552933628582,-1.4299499791093953,-0.76731151331036185,,,,,,,,
-1.4734393184621934,-0.38405025621136885,-1.2016614974637476,1.5306662593236633,,,,,,,,
-1.5036933759998095,0.25966605597907516,0.23082299542788698,-0.40917890648938798,,,,,,,,
-1.5104138741893574,0.4969644839825576,0.60280687275254941,-0.54166783568486243,,,,,,,,
-1.5171343723789055,0.73426291198604021,0.97479075007721216,-0.67415676488033682,,,,,,,,
-1.4796527550477758,-1.1165552933628582,-1.4299499791093953,-0.76731151331036185,,,,,,,,
-1.4734393184621934,-0.38405025621136885,-1.2016614974637476,1.5306662593236633,,,,,,,,
-1.5171343723789055,0.73426291198604021,0.97479075007721216,-0.67415676488033682,,,,,,,,
-1.4796527550477758,-1.1165552933628582,-1.4299499791093953,-0.76731151331036185,,,,,,,,
-1.3388972879645338,-0.54570673338684106,-0.46511058777484726,-0.38795368440016359,,,,,,,,
6.1938524816313389,1.7837969726896787,-1.2640830503630736,-4.5903141453491445,,,,,,,,
6.2237302987251759,0.24541256978884332,-3.220439467234355,-4.7640319508736502,,,,,,,,
4.4532189406085871,2.9576034118290808,-3.4867912937840657,0.5957400085138117,,,,,,,,
3.7508916679342472,-1.7303373689485657,1.8055239510267169,-1.8236390299033365,,,,,,,,
3.6157148962334609,-3.1500962460316249,0.21292123589138706,-1.8148410285482981,,,,,,,,
3.6247457532369398,-2.5784319237807649,0.24537655141556441,0.48396420659762124,,,,,,,,
3.7508916679342472,-1.7303373689485657,1.8055239510267169,-1.8236390299033365,,,,,,,,
3.6165981982812054,-3.2252316204762059,0.13652080090072388,-1.866766900649292,,,,,,,,
1.9361643624556468,-0.0068828951437840472,-0.20131929592548031,3.3567751991460089,,,,,,,,
3.7475314188394733,-1.6116881549468243,1.9915158896890479,-1.8898834945010738,,,,,,,,
3.6165981982812054,-3.2252316204762059,0.13652080090072388,-1.866766900649292,,,,,,,,
1.712532528991799,0.49012226698378802,-0.22892548720679312,3.6105557516993696,,,,,,,,
3.7475314188394733,-1.6116881549468243,1.9915158896890479,-1.8898834945010738,,,,,,,,
3.6157148962334609,-3.1500962460316249,0.21292123589138706,-1.8148410285482981,,,,,,,,
1.9895838065695928,-0.12362734221164901,-0.18436605894433061,3.2707448569218718,,,,,,,,
3.7336145069721276,-1.8897930144549377,1.4931787476817084,-1.8763895399057533,,,,,,,,
3.5984377352713413,-3.3095518915379967,-0.099423967453621365,-1.8675915385507149,,,,,,,,
3.6074685922748202,-2.7378875692871367,-0.066968651929444012,0.43121369659520453,,,,,,,,
6.2968221427089572,2.1228427093161186,-0.69043398197584527,-4.7485773337084263,,,,,,,,
6.1327614517958011,1.0614384055399806,-2.715269168021718,-3.8897312673569844,,,,,,,,
3.703131038644083,-1.822398336955896,1.922558531509909,-1.5863344250931195,,,,,,,,
3.7287653045954015,-3.1669981514104091,0.2285944882916216,-1.7743708231143691,,,,,,,,
1.9334726419040382,0.22916150145780559,-0.22237805698440333,3.5836444793989042,,,,,,,,
3.699770789549309,-1.7037491229541546,2.10855047017224,-1.6525788896908564,,,,,,,,
3.730531908690891,-3.3172689002995703,0.075793618310295338,-1.878222567316356,,,,,,,,
2.1298158612880891,-0.25649732581436868,0.27028980097135702,1.3785493056225719,,,,,,,,
3.699770789549309,-1.7037491229541546,2.10855047017224,-1.6525788896908564,,,,,,,,
3.729648606643146,-3.2421335258549902,0.15219405330095842,-1.8262966952153625,,,,,,,,
3.7287653045954015,-3.1669981514104091,0.2285944882916216,-1.7743708231143691,,,,,,,,
3.703131038644083,-1.822398336955896,1.922558531509909,-1.5863344250931195,,,,,,,,
3.730531908690891,-3.3172689002995703,0.075793618310295338,-1.878222567316356,,,,,,,,
2.2900741936299265,-0.60673066701796396,0.32114951191480623,1.1204582789501585,,,,,,,,
3.6858538776819634,-1.9818539824622681,1.6102133281649005,-1.6390849350955363,,,,,,,,
3.7123714456810264,-3.401589171361362,-0.16015115004405001,-1.8790472052177793,,,,,,,,
1.8538154000327036,0.34668231736960081,0.18269807656875048,1.8230394071139513,,,,,,,,
0.40292627213622068,6.4292843688943728,-2.5393310644643448,-1.6193909140142002,,,,,,,,
0.28257535184181459,4.9248146054872857,-4.3793490577162721,-1.5454949379633962,,,,,,,,
-1.4076971645650471,1.1495275745989362,0.94076165922153443,-0.013916143100320476,,,,,,,,
-1.6956264560082439,-0.30093629500657593,-1.0382679327013757,-0.23791110946802677,,,,,,,,
-1.5258653423633439,-0.13710116864931327,-0.52444691720887127,-0.08684748661568073,,,,,,,,
-1.4076971645650471,1.1495275745989362,0.94076165922153443,-0.013916143100320476,,,,,,,,
-1.6956264560082439,-0.30093629500657593,-1.0382679327013757,-0.23791110946802677,,,,,,,,
-1.3388972879645338,-0.54570673338684106,-0.46511058777484726,-0.38795368440016359,,,,,,,,
-1.4076971645650471,1.1495275745989362,0.94076165922153443,-0.013916143100320476,,,,,,,,
-1.6947431539604991,-0.37607166945115678,-1.114668367692039,-0.28983698156902044,,,,,,,,
-1.42792969482111,-0.35113265494039919,-0.49336598274343013,-0.24456978069326699,,,,,,,,
-1.4177779118493692,1.5054752166041601,1.4987374752085285,-0.21264953689353211,,,,,,,,
-1.6059945085342624,0.038015501952484404,-0.54987677268059576,0.042198026720526242,,,,,,,,
-1.4249743255271667,0.99007192909256414,0.62841645587652606,-0.0666666531027372,,,,,,,,
-1.7129036169703635,-0.46039194051294791,-1.3506131360463842,-0.2906616194704435,,,,,,,,
-1.5614783051059744,-0.059271537270736446,-0.53574907519630433,-0.02949392513292199,,,,,,,,
-1.7418981320164555,1.0028570879433067,0.52934284583423408,-0.16886968604693112,,,,,,,,
-1.7129036169703635,-0.46039194051294791,-1.3506131360463842,-0.2906616194704435,,,,,,,,
-1.499155620306371,-0.19547339218324583,-0.51597029871829636,-0.12986265772774966,,,,,,,,
